NO ./

C  ,  ,  

F  ,  ,  



          111111111111111111111
 1111111111001100010000000000011
10010010010001010000100000000001
10110010000001010010000000000001
100100000000N0000011111000000001
10110000000000000000110000000001
10110000000000000000000000000001
10000000010000000000000000000001
10000000010000000000000001100001
10010000010000000000000001100001        
10010000010000000000000001100001        
10000000010000000000110000000001       
10000010010000000010110000000001
 1111111111111111111 1111111111


          1111111111 1111111111
 1111111111001100011 10000000011
10010010010001010001 10000000001
10110010000001010011 10000000001
10010000000000000011 11000000001
10110000000000000011 10000000001
101100000000000111 1 100000000001
10000000010000100011 10000000001
10000000010000011101 10001100001
10010000010000000001 10001100001        
10010000010000000001 10001100001        
10000000010000000001 10000000001       
100000100100000000N1 10000000001
 111111111111111111  1111111111